27
64
38
99
21
51
53
76
79
1
60
1
53
11
7
70
46
15
65
29
70
84
39
84
33
64
52
72
25
92
49
75
82
96
22
49
50
27
13
67
50
96
79
39
10
7
65
12
93
1
96
53
98
6
1
4
39
61
41
1
43
11
28
82
95
54
69
25
9
9
66
16
45
37
86
58
81
62
62
80
41
60
12
97
36
25
55
27
7
59
31
56
24
40
32
4
15
58
79
22
8
30
9
67
96
8
77
4
14
84
45
62
54
1
77
15
70
96
64
49
53
93
75
48
2
13
20
3
97
51
60
31
17
88
9
38
26
34
68
67
25
86
91
51
23
62
3
72
63
18
4
11
89
96
98
79
76
83
8
74
18
89
32
89
51
48
71
99
64
15
23
47
39
90
91
82
21
87
45
52
27
65
20
52
38
95
46
43
34
43
73
94
41
1
54
8
10
98
38
9
33
50
61
26
6
46
13
71
43
12
45
79
38
24
67
76
68
55
12
10
20
79
34
50
76
95
8
15
66
75
26
45
22
59
76
74
32
4
98
74
30
55
26
24
77
75
94
72
97
35
60
96
34
9
60
26
37
82
37
75
12
1
24
90
95
84
38
40
80
81
37
68
42
99
31
93
30
26
72
39
19
48
97
75
0
43
98
50
8
19
72
61
74
93
43
48
63
98
40
44
2
82
99
72
50
18
38
52
47
61
13
85
79
26
25
21
3
99
24
26
59
45
98
14
10
72
20
39
67
43
51
26
30
94
23
82
32
64
81
65
43
15
26
78
0
32
71
7
10
23
19
59
40
52
40
57
43
48
26
43
47
75
97
34
4
16
18
99
37
42
25
2
58
82
18
3
43
94
98
9
29
25
6
8
7
50
76
93
89
71
85
45
42
85
51
23
1
78
71
73
68
44
46
17
80
97
46
79
60
73
20
27
52
7
38
2
73
84
43
1
68
31
26
24
33
78
13
50
4
14
74
38
7
17
44
84
33
84
37
98
50
53
7
32
75
19
18
28
66
1
21
26
17
94
73
45
36
25
78
19
24
34
8
14
66
45
83
84
74
59
75
53
98
29
73
6
66
16
34
26
34
79
70
12
78
26
52
82
10
87
60
73
23
29
24
35
7
21
55
4
89
18
65
95
68
41
40
3
42
53
83
0
64
54
46
30
41
65
33
17
72
44
6
42
68
26
10
79
0
69
76
91
84
50
43
40
15
39
45
20
14
80
44
54
21
91
8
2
21
65
8
6
54
55
95
92
88
51
91
42
70
64
45
96
82
25
71
80
80
68
76
96
77
0
2
89
20
21
14
6
10
52
28
55
39
20
5
60
89
19
67
62
32
55
92
68
35
20
91
20
39
86
77
96
25
69
56
0
19
37
54
99
56
49
89
98
72
80
46
66
49
78
24
25
11
29
95
95
19
95
47
59
15
77
7
33
58
82
6
28
35
51
26
12
87
47
44
14
9
66
63
93
62
56
8
34
3
83
28
8
47
30
22
85
89
8
16
85
14
33
1
31
83
70
40
51
64
80
84
48
93
19
21
47
42
28
3
9
55
84
73
93
73
66
40
38
85
68
55
40
38
69
56
7
97
18
73
34
45
55
1
62
13
87
78
90
56
76
64
35
72
37
31
52
7
69
42
19
6
28
23
36
95
66
16
12
66
32
57
26
12
12
96
66
89
25
23
55
9
79
27
3
57
53
30
86
32
52
27
71
81
89
98
87
96
92
64
56
57
20
52
27
68
87
36
59
88
86
43
21
31
17
9
69
40
45
34
15
60
80
43
55
17
55
86
94
77
63
25
5
39
9
66
81
37
47
26
46
35
37
36
30
55
62
45
5
51
9
11
14
71
35
75
53
92
85
72
41
6
63
18
6
64
92
99
3
8
82
25
26
25
51
25
20
46
10
96
60
66
59
93
8
13
46
66
19
43
31
89
96
11
12
63
75
92
44
95
38
43
19
70
11
4
51
58
36
63
73
13
21
59
58
88
25
47
50
41
44
33
50
75
70
16
14
81
53
10
86
18
14
64
38
4
5
90
37
18
62
34
95
76
76
11
60
99
37
56
65
3
73
48
2
59
96
42
81
39
23
14
77
67
91
45
19
63
57
11
23
59
33
71
93
10
90
49
17
88
36
35
61
97
45
29
18
36
18
96
53
93
93
30
2
44
53
20
90
60
46
48
79
99
75
30
5
6
10
27
83
41
93
74
44
94
80
64
2
16
40
46
83
36
60
40
88
35
47
8
43
66
76
